[gd_scene load_steps=34 format=3 uid="uid://cfwyp1kljh03y"]

[ext_resource type="Script" uid="uid://s4n10clgjynq" path="res://Scripts/Player/controllers/player_mesh_controller.gd" id="1_fpmok"]
[ext_resource type="Script" uid="uid://dg1pox84tct5i" path="res://Scripts/Player/controllers/animation_controller.gd" id="1_qm2be"]
[ext_resource type="Script" uid="uid://kwr4utaokowm" path="res://Scripts/Player/controllers/face_texture_change.gd" id="2_1dvky"]
[ext_resource type="ArrayMesh" uid="uid://bm0wji70up6ti" path="res://Assets/Resources/Mesh/FemaleCharacter/Face.res" id="2_yv6y6"]
[ext_resource type="Texture2D" uid="uid://cnexaltucra5l" path="res://Assets/Resources/textures/FemaleCharacter/Face/t_female_face_normal.png" id="3_vwg74"]
[ext_resource type="PackedScene" uid="uid://b6rn4uvt1h2xe" path="res://Scenes/Player/character_controller/female_hair_2_skeletalmesh.tscn" id="3_wwrm0"]
[ext_resource type="Texture2D" uid="uid://bopii4x3j46b3" path="res://Assets/Resources/textures/FemaleCharacter/Face/t_female_face_closedeyes.png" id="4_dqq1j"]
[ext_resource type="Animation" uid="uid://c7gc1l74k8vlg" path="res://Assets/Resources/Animations/Female_Fall.res" id="4_ke3t8"]
[ext_resource type="Material" uid="uid://cfbg48gy68avb" path="res://Assets/Resources/Materials/FemaleCharacter/Female_face_ShaderMaterial.tres" id="7_fpmok"]
[ext_resource type="Animation" uid="uid://dcq7a8fhk5u23" path="res://Assets/Resources/Animations/Female_Jump.res" id="8_0pfsv"]
[ext_resource type="ArrayMesh" uid="uid://bhoa1m0sdbwtp" path="res://Assets/Resources/Mesh/FemaleCharacter/head.res" id="8_fpmok"]
[ext_resource type="Animation" uid="uid://cgj67wkabvaow" path="res://Assets/Resources/Animations/Female_Idle.res" id="10_8vjbk"]
[ext_resource type="ArrayMesh" uid="uid://cd3fepispsib6" path="res://Assets/Resources/Mesh/FemaleCharacter/Hands.res" id="10_wwrm0"]
[ext_resource type="Animation" uid="uid://dukawwgxm5yhf" path="res://Assets/Resources/Animations/Female_Jog.res" id="11_7na56"]
[ext_resource type="ArrayMesh" uid="uid://b1a3uyynttbug" path="res://Assets/Resources/Mesh/FemaleCharacter/Torso.res" id="11_fj5ob"]
[ext_resource type="ArrayMesh" uid="uid://b8g0l45hacclt" path="res://Assets/Resources/Mesh/FemaleCharacter/Legs.res" id="12_du30a"]
[ext_resource type="ArrayMesh" uid="uid://dvxong03ijk3" path="res://Assets/Resources/Mesh/FemaleCharacter/Feet.res" id="13_wwrm0"]
[ext_resource type="Material" uid="uid://bdy3ydi7tqgoc" path="res://Assets/Resources/Materials/FemaleCharacter/Female_body_Material.tres" id="14_fj5ob"]
[ext_resource type="PackedScene" uid="uid://bqlstk3qbqsnc" path="res://Scenes/Player/character_controller/female_hair_1_skeletalmesh.tscn" id="14_fpmok"]

[sub_resource type="Skin" id="Skin_0q7iu"]
resource_name = "Skin"
bind_count = 75
bind/0/name = &"DEF-spine"
bind/0/bone = -1
bind/0/pose = Transform3D(0.9999541, 0.009251158, 0.0025072538, -0.009584162, 0.96182644, 0.2734922, 0.000118574375, -0.27350384, 0.961871, -0.008935541, -0.81241745, 0.27862102)
bind/1/name = &"DEF-spine.001"
bind/1/bone = -1
bind/1/pose = Transform3D(1, 1.5500377e-10, -1.251101e-09, -2.0816684e-16, 0.99241245, 0.12295367, 1.2606666e-09, -0.122953825, 0.99241245, -1.6774952e-10, -0.96059114, 0.13306417)
bind/2/name = &"DEF-spine.002"
bind/2/bone = -1
bind/2/pose = Transform3D(1, -2.8315171e-11, -8.896118e-10, 7.6327826e-17, 0.9994938, -0.031812485, 8.9006225e-10, 0.03181257, 0.9994938, 2.971067e-11, -1.0749773, -0.033380438)
bind/3/name = &"DEF-spine.003"
bind/3/bone = -1
bind/3/pose = Transform3D(1, -4.4571974e-10, -8.4572016e-10, 0, 0.88465774, -0.466241, 9.559857e-10, 0.466241, 0.88465774, 5.351458e-10, -1.0731454, -0.5597843)
bind/4/name = &"DEF-spine.004"
bind/4/bone = -1
bind/4/pose = Transform3D(1, 5.3434196e-08, -2.3252231e-07, 2.131628e-14, 0.97459716, 0.2239649, 2.3858297e-07, -0.22396481, 0.97459716, -9.248899e-08, -1.3080461, 0.38765964)
bind/5/name = &"DEF-spine.005"
bind/5/bone = -1
bind/5/pose = Transform3D(1, 1.8195946e-11, -1.4858313e-10, -1.7347235e-18, 0.9925847, 0.12155497, 1.4969315e-10, -0.12155498, 0.9925847, -3.6893415e-11, -1.3726491, 0.24646029)
bind/6/name = &"DEF-spine.006"
bind/6/bone = -1
bind/6/pose = Transform3D(1, 2.176802e-11, -1.6450152e-10, 3.469447e-18, 0.9913581, 0.13118362, 1.6593552e-10, -0.1311836, 0.9913581, -4.315419e-11, -1.4004742, 0.26006597)
bind/7/name = &"DEF-pelvis.L"
bind/7/bone = -1
bind/7/pose = Transform3D(-0.39636013, -0.24599172, 0.8845263, 0.65229905, 0.6025216, 0.45986265, -0.64606863, 0.7592468, -0.07835532, 0.25192526, -0.49645028, -0.65406585)
bind/8/name = &"DEF-pelvis.R"
bind/8/bone = -1
bind/8/pose = Transform3D(-0.39636013, 0.24599172, -0.8845263, -0.65229905, 0.6025216, 0.45986265, 0.64606863, 0.7592468, -0.07835532, -0.25192526, -0.49645028, -0.65406585)
bind/9/name = &"DEF-ass.L"
bind/9/bone = -1
bind/9/pose = Transform3D(0.99908406, -0.0075284755, -0.04212437, -0.042124376, -0.34621748, -0.93720806, -0.0075284466, 0.9381241, -0.34621748, -0.06470471, 0.27792838, -0.87890404)
bind/10/name = &"DEF-ass.R"
bind/10/bone = -1
bind/10/pose = Transform3D(0.99908406, 0.007528499, 0.04212436, 0.042124372, -0.34621748, -0.93720806, 0.00752842, 0.9381241, -0.34621748, 0.06470469, 0.27792838, -0.87890404)
bind/11/name = &"DEF-thigh.L"
bind/11/bone = -1
bind/11/pose = Transform3D(0.9912788, -0.06201498, -0.116276786, -0.06873833, -0.9961324, -0.05472915, -0.11243305, 0.062244445, -0.99170786, -0.0525021, 0.9230808, -0.053994093)
bind/12/name = &"DEF-thigh.L.001"
bind/12/bone = -1
bind/12/pose = Transform3D(0.9912788, -0.06201498, -0.116276786, -0.06873833, -0.9961324, -0.05472915, -0.11243305, 0.062244453, -0.99170786, -0.052502103, 0.6931277, -0.053994097)
bind/13/name = &"DEF-shin.L"
bind/13/bone = -1
bind/13/pose = Transform3D(0.9912793, -0.06201528, -0.116274066, -0.080622524, -0.98334926, -0.16286308, -0.10423801, 0.17081705, -0.9797736, -0.052501902, 0.45449084, -0.10432734)
bind/14/name = &"DEF-shin.L.001"
bind/14/bone = -1
bind/14/pose = Transform3D(0.9912793, -0.062015317, -0.1162741, -0.08062256, -0.98334926, -0.16286308, -0.104238056, 0.170817, -0.9797736, -0.052501895, 0.2767827, -0.104327336)
bind/15/name = &"DEF-foot.L"
bind/15/bone = -1
bind/15/pose = Transform3D(0.98441625, 6.7502197e-06, -0.17585373, 0.1416152, -0.59289765, 0.79272777, -0.10425751, -0.8052768, -0.5836592, -0.06460279, 0.13251574, 0.04150249)
bind/16/name = &"DEF-toe.L"
bind/16/bone = -1
bind/16/pose = Transform3D(-0.98394036, -0.000564055, 0.1784571, 0.17833725, -0.039873272, 0.98316115, 0.006557962, 0.9992042, 0.03933405, 0.06448137, -0.048404228, -0.017449351)
bind/17/name = &"DEF-thigh.R"
bind/17/bone = -1
bind/17/pose = Transform3D(0.9912788, 0.06201498, 0.116276786, 0.06873833, -0.9961324, -0.05472915, 0.11243305, 0.062244445, -0.99170786, 0.052502114, 0.9230808, -0.053994093)
bind/18/name = &"DEF-thigh.R.001"
bind/18/bone = -1
bind/18/pose = Transform3D(0.9912788, 0.062015012, 0.11627682, 0.06873837, -0.99613243, -0.054729145, 0.11243309, 0.062244475, -0.99170786, 0.052502096, 0.69312775, -0.053994115)
bind/19/name = &"DEF-shin.R"
bind/19/bone = -1
bind/19/pose = Transform3D(0.99127924, 0.062015343, 0.11627412, 0.08062259, -0.98334914, -0.16286303, 0.104238056, 0.17081708, -0.97977346, 0.052501887, 0.4544908, -0.104327366)
bind/20/name = &"DEF-shin.R.001"
bind/20/bone = -1
bind/20/pose = Transform3D(0.9912793, 0.062015317, 0.1162741, 0.08062256, -0.98334926, -0.16286308, 0.10423805, 0.17081705, -0.9797736, 0.052501895, 0.2767827, -0.104327366)
bind/21/name = &"DEF-foot.R"
bind/21/bone = -1
bind/21/pose = Transform3D(0.9844164, -7.2196117e-06, 0.17585343, -0.14161503, -0.59289795, 0.79272765, 0.104257345, -0.8052774, -0.5836595, 0.06460282, 0.13251577, 0.041502506)
bind/22/name = &"DEF-toe.R"
bind/22/bone = -1
bind/22/pose = Transform3D(-0.98394114, 0.00068946916, -0.17845215, -0.17833725, -0.03987326, 0.98316103, -0.0064344388, 0.99920416, 0.03935644, -0.06448357, -0.048404224, -0.017441256)
bind/23/name = &"DEF-thumb.01.L"
bind/23/bone = -1
bind/23/pose = Transform3D(0.6428625, 0.50988287, 0.5716182, -0.07666187, -0.69968045, 0.7103311, 0.76213574, -0.5004667, -0.4107096, -0.75640947, 0.7182269, 0.10109249)
bind/24/name = &"DEF-thumb.02.L"
bind/24/bone = -1
bind/24/pose = Transform3D(0.6418255, 0.5260078, 0.5580106, 0.055899393, -0.757821, 0.6500633, 0.7648103, -0.38603455, -0.51579237, -0.77106154, 0.68549323, -0.0076922)
bind/25/name = &"DEF-thumb.03.L"
bind/25/bone = -1
bind/25/pose = Transform3D(0.646243, 0.4862945, 0.5881222, 0.10725515, -0.8208979, 0.5609127, 0.7555571, -0.29940692, -0.58265704, -0.737521, 0.686011, -0.0810309)
bind/26/name = &"DEF-shoulder.L"
bind/26/bone = -1
bind/26/pose = Transform3D(0.4227197, -0.017985309, 0.906082, 0.8863768, 0.21648945, -0.4092293, -0.18879707, 0.97611934, 0.10745611, 0.027788939, -0.30280578, -1.2837617)
bind/27/name = &"DEF-upper_arm.L"
bind/27/bone = -1
bind/27/pose = Transform3D(-0.7267841, -0.6799515, 0.09721582, 0.6728603, -0.73323345, -0.09812274, 0.13800068, -0.005901421, 0.9904146, 0.99699455, 0.8767387, 0.07519607)
bind/28/name = &"DEF-upper_arm.L.001"
bind/28/bone = -1
bind/28/pose = Transform3D(-0.7267841, -0.6799515, 0.09721582, 0.6728603, -0.73323345, -0.09812274, 0.13800068, -0.005901421, 0.9904146, 0.99699455, 0.74822944, 0.07519607)
bind/29/name = &"DEF-forearm.L"
bind/29/bone = -1
bind/29/pose = Transform3D(-0.72678435, -0.6799508, 0.09721856, 0.6843032, -0.704569, 0.1879139, -0.05927503, 0.20309994, 0.9773623, 0.9969941, 0.6154819, -0.10435609)
bind/30/name = &"DEF-forearm.L.001"
bind/30/bone = -1
bind/30/pose = Transform3D(-0.72678393, -0.6799514, 0.09721791, 0.68430364, -0.7045685, 0.18791397, -0.059275758, 0.20309947, 0.97736233, 0.9969946, 0.49393216, -0.10435531)
bind/31/name = &"DEF-hand.L"
bind/31/bone = -1
bind/31/pose = Transform3D(-0.9096448, -0.41489017, 0.020306936, 0.40736365, -0.8814468, 0.23896734, -0.08124594, 0.22564791, 0.9708149, 0.821926, 0.6741473, -0.116274826)
bind/32/name = &"DEF-f_index.01.L"
bind/32/bone = -1
bind/32/pose = Transform3D(0.14492874, -0.20498382, -0.96797585, 0.30536792, -0.9212805, 0.24081609, -0.94114083, -0.33048987, -0.07092457, 0.09253283, 0.67540133, 0.7684085)
bind/33/name = &"DEF-f_index.02.L"
bind/33/bone = -1
bind/33/pose = Transform3D(0.14413704, -0.19903812, -0.969334, 0.1293492, -0.96736884, 0.21786845, -0.9810675, -0.15678556, -0.11368821, 0.08775719, 0.77668583, 0.63745654)
bind/34/name = &"DEF-f_index.03.L"
bind/34/bone = -1
bind/34/pose = Transform3D(0.1446702, -0.21496814, -0.9658464, -0.0257019, -0.97660214, 0.21351227, -0.989146, -0.0060646636, -0.14681032, 0.100954145, 0.8391481, 0.5141579)
bind/35/name = &"DEF-palm.01.L"
bind/35/bone = -1
bind/35/pose = Transform3D(0.31270036, -0.19239765, -0.93016225, 0.5604243, -0.75328666, 0.34421483, -0.7669049, -0.62892175, -0.12772857, -0.0025082238, 0.45425284, 0.9467634)
bind/36/name = &"DEF-f_middle.01.L"
bind/36/bone = -1
bind/36/pose = Transform3D(0.0632551, -0.18501277, -0.9806983, 0.29750213, -0.93449336, 0.19548489, -0.9526233, -0.30412522, -0.004069819, 0.09594768, 0.6914868, 0.7583828)
bind/37/name = &"DEF-f_middle.02.L"
bind/37/bone = -1
bind/37/pose = Transform3D(0.066468365, -0.198621, -0.97781986, 0.2250293, -0.9517553, 0.20862323, -0.9720822, -0.23390494, -0.018566055, 0.1061937, 0.7166875, 0.70701724)
bind/38/name = &"DEF-f_middle.03.L"
bind/38/bone = -1
bind/38/pose = Transform3D(0.060237013, -0.16517363, -0.9844232, 0.14845318, -0.97376394, 0.17246903, -0.98708314, -0.15652975, -0.034136057, 0.08115839, 0.7456548, 0.6494019)
bind/39/name = &"DEF-palm.02.L"
bind/39/bone = -1
bind/39/pose = Transform3D(0.22525829, -0.12332285, -0.9664628, 0.57138884, -0.7867413, 0.23356637, -0.7891602, -0.6048388, -0.106754646, -0.041427743, 0.4732899, 0.9400203)
bind/40/name = &"DEF-f_ring.01.L"
bind/40/bone = -1
bind/40/pose = Transform3D(0.29121462, -0.07893962, -0.9533952, 0.28490025, -0.94421375, 0.16520214, -0.9132502, -0.31973168, -0.252479, -0.13393189, 0.708823, 0.7385724)
bind/41/name = &"DEF-f_ring.02.L"
bind/41/bone = -1
bind/41/pose = Transform3D(0.28225163, -0.042447258, -0.9584007, 0.24183068, -0.9636103, 0.11389777, -0.9283597, -0.26391843, -0.26171562, -0.16135387, 0.7204336, 0.69727284)
bind/42/name = &"DEF-f_ring.03.L"
bind/42/bone = -1
bind/42/pose = Transform3D(0.30200657, -0.13923213, -0.9430836, 0.16443887, -0.96684, 0.19539824, -0.9390166, -0.21409135, -0.2690968, -0.08934476, 0.7387952, 0.6604824)
bind/43/name = &"DEF-palm.03.L"
bind/43/bone = -1
bind/43/pose = Transform3D(0.091042824, -0.0745093, -0.9930557, 0.5523577, -0.82596564, 0.112612344, -0.8286207, -0.5587746, -0.03404249, -0.03780922, 0.5152705, 0.9219258)
bind/44/name = &"DEF-f_pinky.01.L"
bind/44/bone = -1
bind/44/pose = Transform3D(0.04818314, -0.10208055, -0.99360853, 0.31418478, -0.9427215, 0.112088375, -0.94813824, -0.31757736, -0.013351223, -0.0079776915, 0.69134444, 0.76466566)
bind/45/name = &"DEF-f_pinky.02.L"
bind/45/bone = -1
bind/45/pose = Transform3D(0.047572788, -0.099422924, -0.99390745, 0.22269042, -0.96893495, 0.10758386, -0.9737278, -0.22645177, -0.023954365, -0.010001156, 0.73755366, 0.697661)
bind/46/name = &"DEF-f_pinky.03.L"
bind/46/bone = -1
bind/46/pose = Transform3D(0.048622407, -0.10574697, -0.9932036, 0.11815629, -0.9867886, 0.11084832, -0.99180377, -0.122742906, -0.035485394, -0.0051184664, 0.7857002, 0.61803865)
bind/47/name = &"DEF-palm.04.L"
bind/47/bone = -1
bind/47/pose = Transform3D(0.046772286, -0.021272954, -0.99867904, 0.5251216, -0.8499557, 0.042698625, -0.84974104, -0.52642506, -0.02858338, -0.079865605, 0.5454915, 0.9001784)
bind/48/name = &"DEF-thumb.01.R"
bind/48/bone = -1
bind/48/pose = Transform3D(0.6428625, -0.50988287, -0.5716182, 0.07666187, -0.69968045, 0.7103311, -0.76213574, -0.5004667, -0.4107096, 0.75640947, 0.7182269, 0.10109249)
bind/49/name = &"DEF-thumb.02.R"
bind/49/bone = -1
bind/49/pose = Transform3D(0.6418255, -0.5260078, -0.5580106, -0.055899393, -0.757821, 0.6500633, -0.7648103, -0.38603455, -0.51579237, 0.77106154, 0.68549323, -0.0076922)
bind/50/name = &"DEF-thumb.03.R"
bind/50/bone = -1
bind/50/pose = Transform3D(0.646243, -0.4862945, -0.5881222, -0.10725515, -0.8208979, 0.5609127, -0.7555571, -0.29940692, -0.58265704, 0.737521, 0.686011, -0.0810309)
bind/51/name = &"DEF-shoulder.R"
bind/51/bone = -1
bind/51/pose = Transform3D(0.4227197, 0.017985309, -0.906082, -0.8863768, 0.21648945, -0.4092293, 0.18879707, 0.97611934, 0.10745611, -0.027788939, -0.30280578, -1.2837617)
bind/52/name = &"DEF-upper_arm.R"
bind/52/bone = -1
bind/52/pose = Transform3D(-0.72678417, 0.67995155, -0.09721606, -0.6728604, -0.73323345, -0.09812273, -0.13800088, -0.00590122, 0.99041456, -0.9969946, 0.87673867, 0.07519577)
bind/53/name = &"DEF-upper_arm.R.001"
bind/53/bone = -1
bind/53/pose = Transform3D(-0.72678417, 0.67995155, -0.09721606, -0.6728604, -0.73323345, -0.09812273, -0.13800088, -0.00590122, 0.99041456, -0.9969946, 0.74822944, 0.07519577)
bind/54/name = &"DEF-forearm.R"
bind/54/bone = -1
bind/54/pose = Transform3D(-0.7267844, 0.67995065, -0.09721884, -0.6843032, -0.7045689, 0.18791385, 0.059274822, 0.20310003, 0.97736216, -0.99699396, 0.6154819, -0.10435629)
bind/55/name = &"DEF-forearm.R.001"
bind/55/bone = -1
bind/55/pose = Transform3D(-0.72678393, 0.67995125, -0.09721819, -0.68430364, -0.7045685, 0.18791401, 0.05927556, 0.20309961, 0.9773622, -0.9969944, 0.4939322, -0.10435555)
bind/56/name = &"DEF-hand.R"
bind/56/bone = -1
bind/56/pose = Transform3D(-0.9096448, 0.41489023, -0.020306733, -0.4073637, -0.88144696, 0.23896739, 0.0812462, 0.22564782, 0.970815, -0.82192606, 0.6741473, -0.1162746)
bind/57/name = &"DEF-f_index.01.R"
bind/57/bone = -1
bind/57/pose = Transform3D(0.14492874, 0.20498382, 0.96797585, -0.30536792, -0.9212805, 0.24081609, 0.94114083, -0.33048987, -0.07092457, -0.09253283, 0.67540133, 0.7684085)
bind/58/name = &"DEF-f_index.02.R"
bind/58/bone = -1
bind/58/pose = Transform3D(0.14413704, 0.19903812, 0.969334, -0.1293492, -0.96736884, 0.21786845, 0.9810675, -0.15678556, -0.11368821, -0.08775719, 0.77668583, 0.63745654)
bind/59/name = &"DEF-f_index.03.R"
bind/59/bone = -1
bind/59/pose = Transform3D(0.1446703, 0.21496814, 0.9658464, 0.025701907, -0.97660214, 0.21351227, 0.989146, -0.0060646897, -0.14681044, -0.10095411, 0.83914816, 0.5141579)
bind/60/name = &"DEF-palm.01.R"
bind/60/bone = -1
bind/60/pose = Transform3D(0.31270036, 0.19239765, 0.93016225, -0.5604243, -0.75328666, 0.34421483, 0.7669049, -0.62892175, -0.12772857, 0.0025082238, 0.45425284, 0.9467634)
bind/61/name = &"DEF-f_middle.01.R"
bind/61/bone = -1
bind/61/pose = Transform3D(0.0632551, 0.18501277, 0.9806983, -0.29750213, -0.93449336, 0.19548489, 0.9526233, -0.30412522, -0.004069819, -0.09594768, 0.6914868, 0.7583828)
bind/62/name = &"DEF-f_middle.02.R"
bind/62/bone = -1
bind/62/pose = Transform3D(0.066468365, 0.198621, 0.97781986, -0.2250293, -0.9517553, 0.20862323, 0.9720822, -0.23390494, -0.018566055, -0.1061937, 0.7166875, 0.70701724)
bind/63/name = &"DEF-f_middle.03.R"
bind/63/bone = -1
bind/63/pose = Transform3D(0.060236897, 0.16517363, 0.9844232, -0.14845316, -0.97376394, 0.172469, 0.98708314, -0.15652972, -0.034135945, -0.08115845, 0.7456548, 0.6494019)
bind/64/name = &"DEF-palm.02.R"
bind/64/bone = -1
bind/64/pose = Transform3D(0.22525829, 0.12332285, 0.9664628, -0.57138884, -0.7867413, 0.23356637, 0.7891602, -0.6048388, -0.106754646, 0.041427743, 0.4732899, 0.9400203)
bind/65/name = &"DEF-f_ring.01.R"
bind/65/bone = -1
bind/65/pose = Transform3D(0.29121462, 0.07893962, 0.9533952, -0.28490025, -0.94421375, 0.16520214, 0.9132502, -0.31973168, -0.252479, 0.13393189, 0.708823, 0.7385724)
bind/66/name = &"DEF-f_ring.02.R"
bind/66/bone = -1
bind/66/pose = Transform3D(0.28225163, 0.042447258, 0.9584007, -0.24183068, -0.9636103, 0.11389777, 0.9283597, -0.26391843, -0.26171562, 0.16135387, 0.7204336, 0.69727284)
bind/67/name = &"DEF-f_ring.03.R"
bind/67/bone = -1
bind/67/pose = Transform3D(0.30200657, 0.13923213, 0.9430836, -0.16443887, -0.96684, 0.19539824, 0.9390166, -0.21409135, -0.2690968, 0.08934476, 0.7387952, 0.6604824)
bind/68/name = &"DEF-palm.03.R"
bind/68/bone = -1
bind/68/pose = Transform3D(0.091042824, 0.0745093, 0.9930557, -0.5523577, -0.82596564, 0.112612344, 0.8286207, -0.5587746, -0.03404249, 0.03780922, 0.5152705, 0.9219258)
bind/69/name = &"DEF-f_pinky.01.R"
bind/69/bone = -1
bind/69/pose = Transform3D(0.04818314, 0.10208055, 0.99360853, -0.31418478, -0.9427215, 0.112088375, 0.94813824, -0.31757736, -0.013351223, 0.0079776915, 0.69134444, 0.76466566)
bind/70/name = &"DEF-f_pinky.02.R"
bind/70/bone = -1
bind/70/pose = Transform3D(0.047572788, 0.099422924, 0.99390745, -0.22269042, -0.96893495, 0.10758386, 0.9737278, -0.22645177, -0.023954365, 0.010001156, 0.73755366, 0.697661)
bind/71/name = &"DEF-f_pinky.03.R"
bind/71/bone = -1
bind/71/pose = Transform3D(0.048622407, 0.10574697, 0.9932036, -0.11815629, -0.9867886, 0.11084832, 0.99180377, -0.122742906, -0.035485394, 0.0051184664, 0.7857002, 0.61803865)
bind/72/name = &"DEF-palm.04.R"
bind/72/bone = -1
bind/72/pose = Transform3D(0.046772286, 0.021272954, 0.99867904, -0.5251216, -0.8499557, 0.042698625, 0.84974104, -0.52642506, -0.02858338, 0.079865605, 0.5454915, 0.9001784)
bind/73/name = &"DEF-breast.L"
bind/73/bone = -1
bind/73/pose = Transform3D(-0.97100997, -2.41522e-07, 0.23901926, 0.23901926, -2.7355765e-13, 0.97101474, -2.3452247e-07, 1, 5.772895e-08, 0.044295967, -0.008165979, -1.2005398)
bind/74/name = &"DEF-breast.R"
bind/74/bone = -1
bind/74/pose = Transform3D(-0.97100997, 2.4220856e-07, -0.23901926, -0.23901926, -2.7711034e-13, 0.97101474, 2.3518916e-07, 1, 5.7893057e-08, -0.044295967, -0.008165979, -1.2005398)

[sub_resource type="AnimationLibrary" id="AnimationLibrary_qm2be"]
_data = {
&"Female_Fall": ExtResource("4_ke3t8"),
&"Female_Idle": ExtResource("10_8vjbk"),
&"Female_Jog": ExtResource("11_7na56"),
&"Female_Jump": ExtResource("8_0pfsv")
}

[sub_resource type="AnimationNodeAnimation" id="AnimationNodeAnimation_ke3t8"]
animation = &"Female_Animlib/Female_Fall"

[sub_resource type="AnimationNodeAnimation" id="AnimationNodeAnimation_6k6sk"]
animation = &"Female_Animlib/Female_Jump"

[sub_resource type="AnimationNodeAnimation" id="AnimationNodeAnimation_asdu2"]
animation = &"Female_Animlib/Female_Idle"

[sub_resource type="AnimationNodeAnimation" id="AnimationNodeAnimation_8vjbk"]
animation = &"Female_Animlib/Female_Jog"

[sub_resource type="AnimationNodeBlendSpace1D" id="AnimationNodeBlendSpace1D_7na56"]
blend_point_0/node = SubResource("AnimationNodeAnimation_asdu2")
blend_point_0/pos = 0.0
blend_point_1/node = SubResource("AnimationNodeAnimation_8vjbk")
blend_point_1/pos = 1.0
min_space = 0.0
sync = true

[sub_resource type="AnimationNodeStateMachineTransition" id="AnimationNodeStateMachineTransition_dqq1j"]
xfade_time = 0.3
switch_mode = 2
advance_mode = 2

[sub_resource type="AnimationNodeStateMachineTransition" id="AnimationNodeStateMachineTransition_0pfsv"]
advance_mode = 2

[sub_resource type="AnimationNodeStateMachineTransition" id="AnimationNodeStateMachineTransition_6k6sk"]
xfade_time = 0.1

[sub_resource type="AnimationNodeStateMachineTransition" id="AnimationNodeStateMachineTransition_asdu2"]
xfade_time = 0.2
advance_mode = 2
advance_condition = &"fall"

[sub_resource type="AnimationNodeStateMachineTransition" id="AnimationNodeStateMachineTransition_8vjbk"]
xfade_time = 0.2
advance_mode = 2
advance_condition = &"idle_jog"

[sub_resource type="AnimationNodeStateMachine" id="AnimationNodeStateMachine_kfppw"]
allow_transition_to_self = true
states/Female_Animlib_Female_Fall/node = SubResource("AnimationNodeAnimation_ke3t8")
states/Female_Animlib_Female_Fall/position = Vector2(369, -118)
states/Female_Animlib_Female_Jump/node = SubResource("AnimationNodeAnimation_6k6sk")
states/Female_Animlib_Female_Jump/position = Vector2(93, -28)
states/Idle_to_jog/node = SubResource("AnimationNodeBlendSpace1D_7na56")
states/Idle_to_jog/position = Vector2(369, 100)
states/Start/position = Vector2(135, 100)
transitions = ["Female_Animlib_Female_Jump", "Female_Animlib_Female_Fall", SubResource("AnimationNodeStateMachineTransition_dqq1j"), "Start", "Idle_to_jog", SubResource("AnimationNodeStateMachineTransition_0pfsv"), "Idle_to_jog", "Female_Animlib_Female_Jump", SubResource("AnimationNodeStateMachineTransition_6k6sk"), "Idle_to_jog", "Female_Animlib_Female_Fall", SubResource("AnimationNodeStateMachineTransition_asdu2"), "Female_Animlib_Female_Fall", "Idle_to_jog", SubResource("AnimationNodeStateMachineTransition_8vjbk")]
graph_offset = Vector2(-377, -265)

[sub_resource type="AnimationNodeBlendTree" id="AnimationNodeBlendTree_vwg74"]
graph_offset = Vector2(-831.0372, -34.945618)
nodes/Locomotion/node = SubResource("AnimationNodeStateMachine_kfppw")
nodes/Locomotion/position = Vector2(-280, 140)
node_connections = [&"output", 0, &"Locomotion"]

[node name="Player" type="Node3D" node_paths=PackedStringArray("face_mesh_ref", "hair_attachment_point")]
script = ExtResource("1_fpmok")
face_mesh_ref = NodePath("Female_character_skeletalmesh/Armature/Skeleton3D/FaceSlot/Face")
hair_attachment_point = NodePath("Female_character_skeletalmesh/Armature/Skeleton3D/BoneAttachment3D/HairContainer")
hair_scenes = Array[PackedScene]([ExtResource("14_fpmok"), ExtResource("3_wwrm0")])

[node name="Female_character_skeletalmesh" type="Node3D" parent="."]
script = ExtResource("1_qm2be")

[node name="Armature" type="Node3D" parent="Female_character_skeletalmesh"]

[node name="Skeleton3D" type="Skeleton3D" parent="Female_character_skeletalmesh/Armature"]
bones/0/name = "DEF-spine"
bones/0/parent = -1
bones/0/rest = Transform3D(0.99995404, -0.009584164, 0.00011857527, 0.009251157, 0.9618265, -0.2735037, 0.0025072554, 0.27349225, 0.96187085, 0.0011157516, 0.85769105, -0.04578511)
bones/0/enabled = true
bones/0/position = Vector3(-0.009397146, 0.84724605, -0.05096944)
bones/0/rotation = Quaternion(0.1804976, -0.06442301, -0.035215754, 0.9808314)
bones/0/scale = Vector3(0.99999994, 1, 0.9999999)
bones/1/name = "DEF-spine.001"
bones/1/parent = -1
bones/1/rest = Transform3D(1, -6.245004e-17, 1.2606663e-09, 1.550037e-10, 0.9924123, -0.12295371, -1.251101e-09, 0.12295372, 0.99241227, 0, 0.9696632, -0.013946176)
bones/1/enabled = true
bones/1/position = Vector3(-0.0040623713, 0.95578814, -0.009221009)
bones/1/rotation = Quaternion(0.10438922, -0.06237676, -0.025758153, 0.9922443)
bones/1/scale = Vector3(1, 0.99999994, 0.9999999)
bones/2/name = "DEF-spine.002"
bones/2/parent = -1
bones/2/rest = Transform3D(1, 1.6479873e-17, 8.9006236e-10, -2.8315156e-11, 0.99949384, 0.031812534, -8.8961183e-10, -0.031812534, 0.99949384, 0, 1.0754951, -0.00083424896)
bones/2/enabled = true
bones/2/position = Vector3(-5.2373452e-09, 1.0591413, 0.013213336)
bones/2/rotation = Quaternion(-0.028470695, -0.04304881, 0.0026831347, 0.99866366)
bones/2/scale = Vector3(1, 0.99999994, 0.99999994)
bones/3/name = "DEF-spine.003"
bones/3/parent = -1
bones/3/rest = Transform3D(1, 0, 9.559856e-10, -4.457197e-10, 0.88465774, 0.466241, -8.457201e-10, -0.466241, 0.88465774, 0, 1.2103608, -0.005126845)
bones/3/enabled = true
bones/3/position = Vector3(-0.00040077337, 1.1919006, 0.005669592)
bones/3/rotation = Quaternion(-0.3047338, -0.11466246, -0.020059021, 0.9452976)
bones/3/scale = Vector3(1, 1, 1)
bones/4/name = "DEF-spine.004"
bones/4/parent = -1
bones/4/rest = Transform3D(1, 3.5527137e-15, 2.3858297e-07, 5.34342e-08, 0.9745972, -0.22396487, -2.3252231e-07, 0.22396487, 0.9745972, 2.3064404e-19, 1.3616403, -0.08485569)
bones/4/enabled = true
bones/4/position = Vector3(0.018223457, 1.3324324, -0.09306545)
bones/4/rotation = Quaternion(0.10003098, -0.057426758, 0.010584721, 0.9932694)
bones/4/scale = Vector3(1, 1, 1)
bones/5/name = "DEF-spine.005"
bones/5/parent = -1
bones/5/rest = Transform3D(1, -8.6736174e-19, 1.4969313e-10, 1.8195945e-11, 0.9925847, -0.12155496, -1.485831e-10, 0.12155496, 0.9925847, 3.4596607e-19, 1.392429, -0.07778038)
bones/5/enabled = true
bones/5/position = Vector3(0.017196244, 1.3633841, -0.08682619)
bones/5/rotation = Quaternion(0.048257492, -0.057899494, 0.007584977, 0.9971265)
bones/5/scale = Vector3(1, 1, 1)
bones/6/name = "DEF-spine.006"
bones/6/parent = -1
bones/6/rest = Transform3D(1, -1.7347235e-18, 1.6593549e-10, 2.1768016e-11, 0.9913581, -0.1311836, -1.645015e-10, 0.1311836, 0.9913581, 2.8830507e-19, 1.4224877, -0.074099295)
bones/6/enabled = true
bones/6/position = Vector3(0.01656894, 1.3935227, -0.08393849)
bones/6/rotation = Quaternion(0.12446208, 8.232975e-11, 1.0329819e-11, 0.9922244)
bones/6/scale = Vector3(1, 1, 1)
bones/7/name = "DEF-pelvis.L"
bones/7/parent = -1
bones/7/rest = Transform3D(-0.39636013, 0.652299, -0.6460685, -0.24599175, 0.60252154, 0.7592468, 0.88452625, 0.4598627, -0.078355335, 0.0011157516, 0.85769105, -0.04578511)
bones/7/enabled = true
bones/7/position = Vector3(-0.00939707, 0.84724635, -0.050969336)
bones/7/rotation = Quaternion(-0.12774593, -0.72315454, -0.48656583, 0.47326764)
bones/7/scale = Vector3(1, 0.99999994, 0.99999994)
bones/8/name = "DEF-pelvis.R"
bones/8/parent = -1
bones/8/rest = Transform3D(-0.39636013, -0.652299, 0.6460685, 0.24599175, 0.60252154, 0.7592468, -0.88452625, 0.4598627, -0.078355335, -0.0011157516, 0.85769105, -0.04578511)
bones/8/enabled = true
bones/8/position = Vector3(-0.011603499, 0.8474724, -0.05121556)
bones/8/rotation = Quaternion(-0.10672465, 0.67572176, 0.41903475, 0.59700906)
bones/8/scale = Vector3(1, 0.99999994, 0.99999994)
bones/9/name = "DEF-ass.L"
bones/9/parent = -1
bones/9/rest = Transform3D(0.999084, -0.042124376, -0.0075284448, -0.0075284746, -0.3462175, 0.93812406, -0.04212437, -0.93720806, -0.3462175, 0.06973621, 0.9202575, -0.046540856)
bones/9/enabled = true
bones/9/position = Vector3(0.064249225, 0.90239143, -0.03835499)
bones/9/rotation = Quaternion(-0.7923715, 0.021197515, -0.059046444, 0.60680443)
bones/9/scale = Vector3(1, 1, 1)
bones/10/name = "DEF-ass.R"
bones/10/parent = -1
bones/10/rest = Transform3D(0.999084, 0.042124376, 0.0075284205, 0.007528499, -0.3462175, 0.93812406, 0.04212436, -0.93720806, -0.3462175, -0.06973621, 0.9202575, -0.046540856)
bones/10/enabled = true
bones/10/position = Vector3(-0.07364963, 0.91652155, -0.05374312)
bones/10/rotation = Quaternion(-0.79209423, -0.007631815, -0.09051889, 0.6036017)
bones/10/scale = Vector3(1, 1, 1)
bones/11/name = "DEF-thigh.L"
bones/11/parent = -1
bones/11/rest = Transform3D(0.9912789, -0.06873832, -0.112433046, -0.06201497, -0.9961324, 0.062244482, -0.11627678, -0.05472911, -0.9917078, 0.10942454, 0.9196156, -0.009131784)
bones/11/enabled = true
bones/11/position = Vector3(0.09898805, 0.8946871, 0.0029835543)
bones/11/rotation = Quaternion(0.9949334, -0.032036822, -0.009587462, 0.094811395)
bones/11/scale = Vector3(1, 0.99999994, 0.99999994)
bones/12/name = "DEF-thigh.L.001"
bones/12/parent = -1
bones/12/rest = Transform3D(0.9912789, -0.06873832, -0.112433046, -0.06201497, -0.9961324, 0.062244482, -0.11627678, -0.05472911, -0.9917078, 0.093617946, 0.6905519, -0.021716904)
bones/12/enabled = true
bones/12/position = Vector3(0.084930636, 0.67230356, 0.046026636)
bones/12/rotation = Quaternion(0.9949556, -0.031783134, -0.0069267596, 0.09489673)
bones/12/scale = Vector3(1, 0.99999994, 0.99999994)
bones/13/name = "DEF-shin.L"
bones/13/parent = -1
bones/13/rest = Transform3D(0.9912791, -0.08062252, -0.10423797, -0.062015276, -0.9833492, 0.17081703, -0.11627403, -0.16286303, -0.97977334, 0.07781135, 0.46148813, -0.034302026)
bones/13/enabled = true
bones/13/position = Vector3(0.07087327, 0.44992808, 0.08896962)
bones/13/rotation = Quaternion(0.99186826, -0.03168296, 0.0027422966, -0.123232484)
bones/13/scale = Vector3(0.9999999, 1, 0.9999999)
bones/14/name = "DEF-shin.L.001"
bones/14/parent = -1
bones/14/rest = Transform3D(0.9912791, -0.08062253, -0.10423801, -0.062015302, -0.98334914, 0.17081702, -0.116274066, -0.162863, -0.97977334, 0.06348408, 0.286739, -0.063244104)
bones/14/enabled = true
bones/14/position = Vector3(0.060009163, 0.2808337, 0.046297193)
bones/14/rotation = Quaternion(0.9902592, -0.024261404, -0.056541048, -0.12490575)
bones/14/scale = Vector3(0.9999999, 0.99999994, 0.9999999)
bones/15/name = "DEF-foot.L"
bones/15/parent = -1
bones/15/rest = Transform3D(0.9844163, 0.14161521, -0.104257904, 6.996095e-06, -0.592898, -0.8052783, -0.17585379, 0.79272777, -0.5836599, 0.0491568, 0.111989856, -0.092186175)
bones/15/enabled = true
bones/15/position = Vector3(0.049145006, 0.11180414, 0.003413409)
bones/15/rotation = Quaternion(0.8827621, 0.06562228, -0.1296054, 0.4467969)
bones/15/scale = Vector3(1, 1.0000001, 1.0000008)
bones/16/name = "DEF-toe.L"
bones/16/parent = -1
bones/16/rest = Transform3D(-0.98395413, 0.17833947, 0.0065589356, -0.0005663301, -0.039873127, 0.99920493, 0.1784604, 0.98316085, 0.03933406, 0.07219357, 0.01554203, 0.036768273)
bones/16/enabled = true
bones/16/position = Vector3(0.08680759, 0.0155421235, 0.12888701)
bones/16/rotation = Quaternion(0.105482996, 0.68535465, 0.7133091, -0.10174742)
bones/16/scale = Vector3(1.000007, 1, 1.0000004)
bones/17/name = "DEF-thigh.R"
bones/17/parent = -1
bones/17/rest = Transform3D(0.9912789, 0.06873832, 0.112433046, 0.06201497, -0.9961324, 0.062244482, 0.11627678, -0.05472911, -0.9917078, -0.109424554, 0.9196156, -0.009131787)
bones/17/enabled = true
bones/17/position = Vector3(-0.11739196, 0.91685903, -0.021162307)
bones/17/rotation = Quaternion(0.98910373, 0.046204302, 0.121442154, -0.069215775)
bones/17/scale = Vector3(1, 0.99999994, 0.99999994)
bones/18/name = "DEF-thigh.R.001"
bones/18/parent = -1
bones/18/rest = Transform3D(0.9912789, 0.06873836, 0.11243308, 0.06201501, -0.9961324, 0.0622445, 0.11627682, -0.05472912, -0.9917078, -0.09361796, 0.6905519, -0.021716908)
bones/18/enabled = true
bones/18/position = Vector3(-0.092393786, 0.68903816, -0.05016367)
bones/18/rotation = Quaternion(0.9889634, 0.046124708, 0.122579426, -0.069268845)
bones/18/scale = Vector3(1, 0.99999994, 0.99999994)
bones/19/name = "DEF-shin.R"
bones/19/parent = -1
bones/19/rest = Transform3D(0.9912791, 0.08062259, 0.10423803, 0.062015343, -0.9833492, 0.17081705, 0.1162741, -0.16286303, -0.97977334, -0.07781136, 0.46148813, -0.034302033)
bones/19/enabled = true
bones/19/position = Vector3(-0.06737963, 0.46113193, -0.07923043)
bones/19/rotation = Quaternion(0.98630226, 0.049729243, 0.1222811, -0.098904915)
bones/19/scale = Vector3(0.99999994, 1, 0.9999999)
bones/20/name = "DEF-shin.R.001"
bones/20/parent = -1
bones/20/rest = Transform3D(0.9912791, 0.08062254, 0.10423801, 0.062015302, -0.9833492, 0.17081703, 0.116274066, -0.16286303, -0.97977334, -0.06348407, 0.286739, -0.06324412)
bones/20/enabled = true
bones/20/position = Vector3(-0.045529548, 0.28660038, -0.11185495)
bones/20/rotation = Quaternion(0.9823447, 0.04683845, 0.15082596, -0.10028236)
bones/20/scale = Vector3(0.9999999, 1, 0.9999999)
bones/21/name = "DEF-foot.R"
bones/21/parent = -1
bones/21/rest = Transform3D(0.9844163, -0.14161505, 0.104257375, -7.271766e-06, -0.592898, -0.80527765, 0.17585339, 0.7927277, -0.5836596, -0.049156792, 0.111989856, -0.0921862)
bones/21/enabled = true
bones/21/position = Vector3(-0.02362093, 0.11216745, -0.14472154)
bones/21/rotation = Quaternion(0.87199473, -0.096424945, 0.19099504, 0.44028202)
bones/21/scale = Vector3(0.99999994, 1, 1.0000001)
bones/22/name = "DEF-toe.R"
bones/22/parent = -1
bones/22/rest = Transform3D(-0.9839549, -0.17833951, -0.0064354287, 0.00069175404, -0.039873127, 0.9992049, -0.17845547, 0.983161, 0.03935646, -0.07219357, 0.01554203, 0.036768273)
bones/22/enabled = true
bones/22/position = Vector3(-0.078361526, 0.015541386, -0.02574896)
bones/22/rotation = Quaternion(-0.15498458, 0.6765685, 0.7042134, 0.14939348)
bones/22/scale = Vector3(1.000007, 1.0000001, 1.0000004)
bones/23/name = "DEF-thumb.01.L"
bones/23/parent = -1
bones/23/rest = Transform3D(0.64286244, -0.07666197, 0.76213557, 0.50988275, -0.6996804, -0.5004665, 0.5716181, 0.710331, -0.41070965, 0.4642819, 0.93880296, -0.03628192)
bones/23/enabled = true
bones/23/position = Vector3(0.22766435, 0.801766, 0.024976827)
bones/23/rotation = Quaternion(0.8560442, -0.056284275, 0.13016434, 0.49706927)
bones/23/scale = Vector3(0.9999999, 0.99999994, 0.9999998)
bones/24/name = "DEF-thumb.02.L"
bones/24/parent = -1
bones/24/rest = Transform3D(0.6418255, 0.055899482, 0.7648108, 0.52600783, -0.7578212, -0.38603488, 0.55801046, 0.6500634, -0.51579267, 0.4624514, 0.92209643, -0.01932108)
bones/24/enabled = true
bones/24/position = Vector3(0.22227369, 0.78983897, 0.044947293)
bones/24/rotation = Quaternion(0.955226, -0.15364587, -0.012903754, 0.25252688)
bones/24/scale = Vector3(0.99999994, 1, 1.0000002)
bones/25/name = "DEF-thumb.03.L"
bones/25/parent = -1
bones/25/rest = Transform3D(0.6462429, 0.107255034, 0.75555694, 0.4862945, -0.8208978, -0.29940674, 0.5881223, 0.56091267, -0.58265686, 0.46426305, 0.8975361, 0.0017469078)
bones/25/enabled = true
bones/25/position = Vector3(0.2129732, 0.7630991, 0.060716342)
bones/25/rotation = Quaternion(0.9832703, -0.17532027, 0.03095917, 0.038522087)
bones/25/scale = Vector3(1, 0.99999994, 0.9999998)
bones/26/name = "DEF-shoulder.L"
bones/26/parent = -1
bones/26/rest = Transform3D(0.4227196, 0.88637674, -0.18879706, -0.017985284, 0.21648942, 0.9761192, 0.90608203, -0.40922916, 0.10745605, 0.014282637, 1.3191586, -0.011148013)
bones/26/enabled = true
bones/26/position = Vector3(0.015043756, 1.3004014, -0.012079424)
bones/26/rotation = Quaternion(-0.52169394, -0.5149191, -0.36603358, 0.57333505)
bones/26/scale = Vector3(1, 0.99999994, 0.99999994)
bones/27/name = "DEF-upper_arm.L"
bones/27/parent = -1
bones/27/rest = Transform3D(-0.7267841, 0.67285997, 0.13800058, -0.6799514, -0.7332333, -0.0059014414, 0.09721581, -0.09812276, 0.9904145, 0.12430018, 1.3212056, -0.0853709)
bones/27/enabled = true
bones/27/position = Vector3(0.14051482, 1.2959183, -0.059163693)
bones/27/rotation = Quaternion(0.00019468382, -0.04348667, 0.99776393, -0.050755568)
bones/27/scale = Vector3(1, 0.9999998, 0.99999994)
bones/28/name = "DEF-upper_arm.L.001"
bones/28/parent = -1
bones/28/rest = Transform3D(-0.7267841, 0.67285997, 0.13800058, -0.6799514, -0.7332333, -0.0059014414, 0.09721581, -0.09812276, 0.9904145, 0.21076897, 1.2269783, -0.097980596)
bones/28/enabled = true
bones/28/position = Vector3(0.15351182, 1.1690832, -0.07027534)
bones/28/rotation = Quaternion(0.096393585, -0.038388368, 0.9930969, -0.054709688)
bones/28/scale = Vector3(1, 0.9999998, 0.99999994)
bones/29/name = "DEF-forearm.L"
bones/29/parent = -1
bones/29/rest = Transform3D(-0.7267845, 0.68430316, -0.059274968, -0.6799507, -0.70456904, 0.2030998, 0.09721856, 0.18791386, 0.9773621, 0.29723775, 1.132751, -0.110590294)
bones/29/enabled = true
bones/29/position = Vector3(0.16652006, 1.0422835, -0.081376664)
bones/29/rotation = Quaternion(0.17684126, 0.17926012, 0.96272737, -0.09873737)
bones/29/scale = Vector3(1, 0.99999994, 0.9999998)
bones/30/name = "DEF-forearm.L.001"
bones/30/parent = -1
bones/30/rest = Transform3D(-0.7267838, 0.68430376, -0.059275717, -0.6799513, -0.7045685, 0.20309943, 0.09721789, 0.18791401, 0.9773622, 0.3804142, 1.0471113, -0.08774953)
bones/30/enabled = true
bones/30/position = Vector3(0.19726111, 0.93144137, -0.043844044)
bones/30/rotation = Quaternion(0.20510778, 0.18209106, 0.9571032, -0.09341993)
bones/30/scale = Vector3(0.9999999, 1, 0.99999994)
bones/31/name = "DEF-hand.L"
bones/31/parent = -1
bones/31/rest = Transform3D(-0.9096449, 0.40736407, -0.08124586, -0.41489017, -0.8814477, 0.22564797, 0.020306887, 0.23896773, 0.9708153, 0.46359062, 0.9614717, -0.06490877)
bones/31/enabled = true
bones/31/position = Vector3(0.22781852, 0.8206005, -0.0063131414)
bones/31/rotation = Quaternion(0.21115239, 0.13860303, 0.9660541, 0.0542536)
bones/31/scale = Vector3(1, 1.0000005, 1.0000001)
bones/32/name = "DEF-f_index.01.L"
bones/32/parent = -1
bones/32/rest = Transform3D(0.14492865, 0.30536798, -0.9411409, -0.20498386, -0.9212808, -0.33048993, -0.9679759, 0.24081619, -0.07092445, 0.5035241, 0.89515334, -0.018578984)
bones/32/enabled = true
bones/32/position = Vector3(0.24229187, 0.7438769, 0.038889043)
bones/32/rotation = Quaternion(0.56345516, -0.18090363, -0.80525374, 0.03685828)
bones/32/scale = Vector3(1, 1.0000001, 1)
bones/33/name = "DEF-f_index.02.L"
bones/33/parent = -1
bones/33/rest = Transform3D(0.14413695, 0.12934923, -0.9810675, -0.19903807, -0.96736854, -0.15678552, -0.96933395, 0.21786833, -0.11368816, 0.512275, 0.8687524, -0.011677973)
bones/33/enabled = true
bones/33/position = Vector3(0.23815084, 0.71717364, 0.048428368)
bones/33/rotation = Quaternion(0.52131546, -0.517338, -0.64231175, -0.21915123)
bones/33/scale = Vector3(0.99999994, 0.9999999, 1)
bones/34/name = "DEF-f_index.03.L"
bones/34/parent = -1
bones/34/rest = Transform3D(0.14467007, -0.02570197, -0.9891461, -0.21496823, -0.9766023, -0.006064701, -0.96584636, 0.2135124, -0.14681023, 0.51554, 0.8443342, -0.006178558)
bones/34/enabled = true
bones/34/position = Vector3(0.21742728, 0.7078776, 0.059434056)
bones/34/rotation = Quaternion(0.37417707, -0.7478891, -0.3575733, -0.41568592)
bones/34/scale = Vector3(0.99999994, 1.0000001, 1)
bones/35/name = "DEF-palm.01.L"
bones/35/parent = -1
bones/35/rest = Transform3D(0.31270036, 0.56042427, -0.7669048, -0.19239768, -0.75328666, -0.6289215, -0.9301621, 0.3442147, -0.12772869, 0.47228736, 0.9371398, -0.03776472)
bones/35/enabled = true
bones/35/position = Vector3(0.23241182, 0.7959012, 0.02149535)
bones/35/rotation = Quaternion(0.60449046, -0.06973675, -0.77542275, 0.16866408)
bones/35/scale = Vector3(0.99999994, 0.99999994, 0.9999999)
bones/36/name = "DEF-f_middle.01.L"
bones/36/parent = -1
bones/36/rest = Transform3D(0.06325508, 0.29750222, -0.95262337, -0.1850128, -0.9344936, -0.3041253, -0.9806983, 0.19548501, -0.0040697413, 0.51066524, 0.8945849, -0.037993103)
bones/36/enabled = true
bones/36/position = Vector3(0.240098, 0.7391757, 0.018856186)
bones/36/rotation = Quaternion(0.53853244, -0.17447999, -0.82430226, 0.0080832755)
